0 0.17224695900531026 0.0865346243370327 0.020778998229212 0.012473459363896601
0 0.17170014326243627 0.10758358701360823 0.017498103771968018 0.014032641784383681
0 0.23349032220719837 0.1278529584799402 0.022966261200708046 0.014032641784383664
0 0.39972230804089465 0.12863254969018376 0.020778998229212035 0.017151006625357842
0 0.5763437929891969 0.1278529584799402 0.026247155657951993 0.015591824204870762
0 0.17060651177668829 0.180475365171379 0.01968536674346403 0.01481223299462723
0 0.16951288029094022 0.2026937146633198 0.024059892686456016 0.015591824204870762
0 0.23294350646432438 0.2245222685501389 0.02405989268645605 0.014032641784383699
0 0.29473368540908645 0.2463508224369579 0.027340787143700033 0.015591824204870725
0 0.23349032220719834 0.26895896753402054 0.027340787143700106 0.015591824204870796
0 0.43635896281345266 0.24674061804207967 0.02187262971495997 0.01637141541511422
0 0.5741565300177008 0.24713041364720148 0.02405989268645598 0.017151006625357824
0 0.2969209483805825 0.31378546212302394 0.018591735257716024 0.014812232994627266
0 0.4352653313277047 0.3141752577281457 0.02187262971496004 0.015591824204870762
0 0.575250161503449 0.3141752577281457 0.021872629714959898 0.015591824204870762
0 0.29856139560920447 0.3578323655017839 0.019685366743463995 0.014032641784383628
0 0.4374525942992007 0.3578323655017839 0.026247155657952062 0.014032641784383628
0 0.5747033457605749 0.3570527742915403 0.022966261200707976 0.017151006625357894
0 0.2991082113520785 0.40148947327542195 0.01859173525771606 0.012473459363896638
0 0.4379994100420747 0.40148947327542195 0.020778998229212035 0.015591824204870762
0 0.575250161503449 0.4018792688805437 0.017498103771968018 0.013253050574140134
0 0.29965502709495245 0.44592617225930353 0.019685366743464064 0.012473459363896567
0 0.4379994100420747 0.44631596786442534 0.022966261200707976 0.013253050574140134
0 0.575796977246323 0.44436698983881656 0.018591735257715954 0.012473459363896638
0 0.2985613956092045 0.4895832800329417 0.02187262971496004 0.01403264178438377
0 0.43635896281345266 0.48880368882269815 0.01968536674346403 0.012473459363896638
0 0.5752501615034489 0.4895832800329417 0.026247155657951993 0.01403264178438377
0 0.2985613956092045 0.5324607965963363 0.01968536674346403 0.01559182420487069
0 0.43635896281345266 0.5324607965963363 0.01968536674346403 0.01559182420487069
0 0.574156530017701 0.5328505922014581 0.01968536674346396 0.013253050574140062
0 0.2969209483805825 0.5776770867904615 0.018591735257716024 0.014032641784383557
0 0.43635896281345266 0.5765076999750961 0.01968536674346403 0.014812232994627337
0 0.5741565300177008 0.5761179043699745 0.02405989268645598 0.015591824204870762
0 0.16896606454806626 0.6302994934819003 0.020778998229212035 0.014812232994627195
0 0.16623198583369628 0.6536872297892065 0.017498103771968053 0.011693868153653
0 0.23075624349282836 0.674736192465782 0.01968536674346403 0.013253050574139991
0 0.39808186081227265 0.6735668056504166 0.01749810377196795 0.015591824204870762
0 0.574156530017701 0.6723974188350513 0.01968536674346396 0.014812232994627266
0 0.16623198583369628 0.7585422475669623 0.017498103771968053 0.014032641784383485
0 0.1667788015765703 0.7815401882691466 0.016404472286220047 0.011693868153653142
0 0.22856898052133234 0.8037585377610874 0.02187262971496004 0.01403264178438377
0 0.39589459784077663 0.804538128971331 0.02187262971495997 0.018710189045844886
0 0.575250161503449 0.8037585377610875 0.017498103771968018 0.01559182420487062
0 0.16623198583369628 0.8561654217100673 0.017498103771968053 0.013253050574140134
0 0.16623198583369628 0.8791633624122517 0.017498103771968053 0.012473459363896638
0 0.22638171754983635 0.9009919162990707 0.02187262971496004 0.012473459363896496
0 0.39589459784077663 0.9009919162990707 0.02187262971495997 0.014032641784383628
0 0.577437424474945 0.9006021206939487 0.01968536674346403 0.014812232994627266
1 0.3630856532683366 0.0627570924246048 0.4899469056151048 0.01948978025608845
1 0.42815672667034277 0.10641420019824292 0.4801042222433729 0.014812232994627212
1 0.2750483186656224 0.12980193650554905 0.05140067983015609 0.014812232994627212
1 0.4489357248995547 0.12941214090042727 0.06889878360212406 0.017151006625357824
1 0.633759445990967 0.13097132332091432 0.07983509845960413 0.014032641784383681
1 0.3658197319827066 0.15747742446919463 0.48447874818636477 0.014032641784383699
1 0.42214175349872873 0.20113453224283273 0.4768233277861289 0.014032641784383699
1 0.3346512346388885 0.2245222685501389 0.1640447228622003 0.015591824204870725
1 0.3379321290961325 0.24752020925232324 0.05030704834440801 0.01481223299462716
1 0.4855723796721128 0.24752020925232324 0.06999241508787207 0.017930597835601317
1 0.627744472819353 0.24752020925232324 0.07217967805936823 0.01481223299462716
1 0.35925794306821857 0.2701283543493858 0.2176326656638523 0.01948978025608845
1 0.3598047588110926 0.2907875214208396 0.20341545634912842 0.014032641784383664
1 0.3379321290961325 0.31261607530765867 0.05905610023039205 0.01871018904584485
1 0.4872128269007348 0.31378546212302394 0.07327330954511609 0.021048962676575477
1 0.627744472819353 0.31495484893838926 0.07217967805936823 0.018710189045844886
1 0.34777481246786457 0.3360038116149648 0.1881046155486563 0.015591824204870762
1 0.3395725763247545 0.3578323655017839 0.0535879428016521 0.015591824204870762
1 0.4894000898722308 0.35822216110690563 0.06233699468763611 0.01948978025608845
1 0.628838104305101 0.3586119567120274 0.07655420400236004 0.01559182420487069
1 0.3472279967249905 0.37966091938860286 0.17826193217692426 0.014032641784383628
1 0.3401193920676285 0.40187926888054376 0.0612433632018881 0.01948978025608845
1 0.4872128269007348 0.4022690644856655 0.06671152063062806 0.018710189045844955
1 0.6266508413336049 0.40304865569590903 0.07655420400236011 0.017151006625357824
1 0.3598047588110926 0.4248772095827281 0.20778998229212037 0.017151006625357894
1 0.33683849761038454 0.4459261722593036 0.05686883725889604 0.018710189045844886
1 0.4872128269007348 0.44670576346954716 0.06671152063062806 0.017151006625357824
1 0.6271976570764789 0.44631596786442534 0.0754605725166121 0.016371415415114256
1 0.3472279967249905 0.46619554372563565 0.17826193217692426 0.017151006625357894
1 0.33902576058188055 0.4895832800329417 0.05030704834440811 0.017151006625357824
1 0.4888532741293568 0.4880240976124547 0.0743669410308641 0.018710189045844955
1 0.627744472819353 0.4903628712431853 0.07436694103086403 0.018710189045844886
1 0.3209808410670385 0.5114118339197609 0.13451667274700424 0.012473459363896567
1 0.3406662078105025 0.5332403878065799 0.057962468744644086 0.015591824204870833
1 0.4877596426436088 0.5324607965963364 0.06343062617338396 0.017151006625357824
1 0.628838104305101 0.5336301834117017 0.07655420400236004 0.014812232994627195
1 0.3461343652392425 0.5554587372985207 0.17607466920542827 0.013253050574140134
1 0.33683849761038454 0.576897495580218 0.05249431131590402 0.014032641784383699
1 0.4866660111578608 0.5761179043699745 0.06780515211637614 0.018710189045845028
1 0.6277444728193531 0.5788464736058269 0.0809287299453522 0.021048962676575585
1 0.2504416102362924 0.6061321659643507 0.26465881955101644 0.019489780256088593
1 0.46260611847140465 0.6286623516429983 0.5643138466459688 0.017774678998771734
1 0.4210481220129806 0.6517382517635976 0.4833851167006167 0.015591824204870762
1 0.2706737927226304 0.6731770100452948 0.0601497317161401 0.024167327517549495
1 0.4467484619280587 0.6731770100452948 0.07108604657362015 0.022608145097062503
1 0.631025367276597 0.6751259880709037 0.07874146697385612 0.024946918727793276
1 0.26958016123688244 0.7043606584550364 0.3029359215521965 0.01948978025608838
1 0.34613436523924257 0.7355443068647779 0.46041885549990874 0.019489780256088524
1 0.4221417534987286 0.7811503926640249 0.4877596426436086 0.01715100662535775
1 0.2717674242083784 0.8045381289713309 0.05577520577314804 0.02026937146633202
1 0.45276343509967276 0.8053177201815745 0.08311599291684821 0.017151006625357894
1 0.628838104305101 0.8057075157866964 0.08311599291684807 0.01948978025608838
1 0.17716830069117628 0.8347266634283699 0.1312357782897602 0.018710189045845028
1 0.43471851558483066 0.878383771202008 0.5019768519583327 0.01715100662535775
1 0.4686974197513342 0.08560496181881729 0.564781920921869 0.013489266710843939
1 0.46796960799756887 0.18158628264597607 0.5633262974143385 0.016602174413346375
1 0.46360273747497716 0.7592684710064773 0.5691487914444608 0.014526902611678168
1 0.46796960799756904 0.855249791833636 0.5720600384595221 0.0155645385125122
1 0.27291605798846985 0.9014245894207557 0.05385806977863183 0.016602174413346375
1 0.4475908788921407 0.9019434073711727 0.06841430485393779 0.02179035391751725
1 0.6324550643485256 0.9024622253215898 0.0800592929141824 0.016602174413346518
