0 0.13862085223314036 0.3295308657963127 0.01706102796715573 0.013253050574140134
0 0.13862085223314036 0.3583757405753236 0.019193656463050175 0.01169386815365307
0 0.2607138336230986 0.3876104109594563 0.01812734221510297 0.012473459363896709
0 0.2617801478710458 0.45972259790698344 0.020259970710997416 0.013253050574140203
0 0.2617801478710458 0.5107858221779352 0.018127342215103006 0.012473459363896638
0 0.2617801478710458 0.5844571915459496 0.020259970710997416 0.014812232994627052
0 0.19993392149010628 0.8144572919620379 0.01812734221510297 0.01403264178438377
0 0.2004670786140799 0.8366756414539788 0.01706102796715573 0.014812232994627266
0 0.26018067649912496 0.8569450129203108 0.01919365646305021 0.013253050574140134
0 0.4174620280713419 0.8573348085254324 0.01812734221510297 0.014032641784383628
0 0.5875391506189256 0.8588939909459196 0.019193656463050175 0.015591824204870762
1 0.4967424924062187 0.03943016423169766 0.17031171168213205 0.012451630810009787
1 0.49745212453822757 0.06122051814921478 0.415844429357206 0.01452690261167808
1 0.6741505254084396 0.08145441821548069 0.04541645644856871 0.011413994909175633
1 0.6209281155077734 0.10013186443049538 0.02980454954437306 0.017639810314180535
1 0.7188573497249994 0.0996130464800783 0.035481606600444165 0.01452690261167808
1 0.8515585584106605 0.0996130464800783 0.031223813808391013 0.01452690261167808
1 0.19585846843445195 0.1561642030755394 0.21856669665873624 0.01971508211584883
1 0.16605391889007884 0.17951101084430776 0.08515585584106607 0.016602174413346375
1 0.25404830325918043 0.25629606750603473 0.3321078377801576 0.020752718016682933
1 0.21218000747065627 0.29365095993606416 0.18308509005829202 0.022827989818351282
1 0.5627382806830449 0.2931321419856471 0.2341786035629316 0.01971508211584883
1 0.8196251124702608 0.2874251445310593 0.08657512010508384 0.022827989818351248
1 0.1972777326984697 0.3289305805644252 0.07380174172892393 0.016602174413346375
1 0.5520937987029115 0.3289305805644252 0.21005111107462965 0.016602174413346375
1 0.806142101962092 0.3242612190106715 0.045416456448568565 0.015564538512512271
1 0.20437405401855854 0.3579843857877814 0.08799438436910162 0.016602174413346375
1 0.5535130629669294 0.35746556783736433 0.20153552549052306 0.017639810314180552
1 0.8068517340941009 0.35383384218444475 0.04967424924062186 0.016602174413346375
1 0.15824796543798114 0.3870381910111375 0.1603768618340078 0.020752718016682933
1 0.31933445940399774 0.4072720910774034 0.085155855841066 0.017639810314180552
1 0.45416456448568565 0.4093473628790717 0.04257792792053301 0.011413994909175572
1 0.7160188211969638 0.40830972697823753 0.08089806304901287 0.01763981031418048
1 0.7628545419095503 0.3870381910111375 0.035481606600444165 0.016602174413346375
1 0.8834920043510605 0.3813311935565497 0.03264307807240868 0.01971508211584883
1 0.3193344594039978 0.4321753526974231 0.07096321320088833 0.017639810314180552
1 0.5137736635744319 0.432175352697423 0.04825498497660405 0.0155645385125122
1 0.7401463136852658 0.4290624449949205 0.08373659157704835 0.017639810314180552
1 0.8813631079550338 0.42854362704450355 0.039739399392497606 0.014526902611678097
1 0.5265470419505918 0.45863506816869376 0.49674249240621876 0.014526902611678097
1 0.598929519415498 0.4814630579870451 0.6273148046958533 0.018677446215014583
1 0.5187410884984942 0.5115544991112354 0.49248469961416547 0.016602174413346448
1 0.5982198872834891 0.5323072171279183 0.6230570119037999 0.016602174413346375
1 0.366879812248593 0.5561728428471039 0.16321539036204333 0.020752718016683075
1 0.17740803300222097 0.5141485888633208 0.09083291289713713 0.11932812859592708
1 0.6003487836795158 0.6095073277541524 0.6443459758640665 0.06308826197906299
1 0.5201603527625118 0.6759160254075379 0.8018843091700387 0.0672388055823994
1 0.3995228903210015 0.7294580382864067 0.6145414263196933 0.016602174413346375
1 0.29307807051966905 0.7587496530560602 0.2966262311797135 0.02179035391751725
1 0.3725568693046641 0.7909163659819188 0.44990677169363247 0.02179035391751725
1 0.4846787461620677 0.8163384455523556 0.5379011560627339 0.012451630810009818
1 0.4428104503735436 0.8355347097177872 0.45416456448568576 0.01348926671084385
1 0.29733586331172235 0.8599191533873898 0.049674249240621936 0.014526902611678168
1 0.4676475749938545 0.8588815174865556 0.06954394893687073 0.018677446215014583
1 0.6386689188079955 0.8594003354369727 0.07380174172892381 0.017639810314180552
1 0.7367258868089831 0.15192027224112778 0.06525777085953706 0.02008863104014914
1 0.8028423125482509 0.19146976460142134 0.14253671003530458 0.01883309160013983
1 0.802842312548251 0.24859680912184548 0.09445203677038236 0.01255539440009322
1 0.8070945432436539 0.9586397058823529 0.2765744540710341 0.02757352941176464
